3798784853
2711475123
3782332577
3516246094
3240988201
2281966973
1855208670
1866319581
1730374903
2827050962
3268947881
1428690210
2044126551
1870217355
1042940955
1223354542
2432550377
3285010371
3631893960
1171418411
2139853707
2588449543
1053953693
1640688141
2377838553
1635001132
2729273811
2633908231
1593933550
3183471901
1863286375
1686830902
1235086825
1642622914
3430664872
1971729447
1746532443
3639562631
3037386357
2059582753
1915124044
2661936733
1997641692
1580792577
2148625300
3552074150
3557995295
2070304131
1740922851
1864135524
2853968952
1799781865
1226321165
1427024521
1895850672
1497801964
1406387602
2093412372
1797259532
1605052390
1701187297
1404411345
1911459791
1956025337
2112642651
2256841532
2667708713
2422450644
1858736320
2721237781
2302591120
3196651130
2097225683
2762663280
2945643512
3220802253
1241252174
2696718374
3166097793
2146278140
1574684061
1801150877
2377892902
2395226644
1876566191
1877986847
1806998271
1824442263
1902900325
1843679451
1748398383
1562820137
1888177351
1584255432
1918547924
1941016871
2552134982
1251372271
1135520725
2593873501
1725088643
3171948942
2675905163
1780979882
1639483893
1854801324
2834256503
3708198910
3798024767
1666234801
1987987811
2682415432
1988438005
1829847745
1771900102
2203264312
1935535255
1895736177
1793154374
1763359113
1199856281
1831783512
1783938334
1807167355
2214354415
1912387525
1851110531
2114590721
1819983954
1781506530
1712541114
1655684515
2108809592
2319817971
1756769975
1700915904
1324608471
1651840655
1194431627
2155011983
2111865467
1973902384
2039000863
3230091712
1976020890
1748557814
1733987334
1716162673
1898700937
2304207524
1701357105
2168213652
3734876193
1879400813
1802550472
1733718787
1832418093
1650752117
1940159020
1463258262
1815687582
1723602100
1855790191
1114442074
1768548165
1912706267
3176657972
1898286353
1746000025
1894303805
1408152537
2276701591
1559700953
1752481320
1671615962
1799070701
1897241433
2430457480
2536771365
1670832237
1620131914
1654728200
1879156575
2030766141
1626975287
2189267867
1799928925
1882265281
1496885144
1878213751
1956750617
2096056985
1096736811
1933335150
3178697853
3483687862
2257714773
1912040063
1972852661
2155226773
3802844269
2615059833
3399861050
3214050415
3216005603
3214044315
3273059980
3214020891
3214024731
3246409517
3215746333
3214018935
1091898752
3085745171
3086752543
1900093822
2813072933
2232353472
2819027752
1791026843
1634356443
1864882827
2175976653
3213996471
3186521993
2625098494
1624186283
2025753653
3169217085
3170162504
3214572481
3216264707
3308847784
3041951241
1959163002
1631948983
2022327251
3177782774
1680887971
1993901865
2709620183
1726390450
2649430841
1750943750
1761767652
2892724592
1896184263
2869051030
1946574177
1692727531
1822060605
1656809190
1015933812
2099302262
2185472014
2178100561
1805821620
1644745211
2244968452
1593954143
2456574690
1615743707
3105499005
2005469903
1958153755
2370308134
1875034341
2608436611
2480464047
1624374424
2038957851
1686546714
2070821907
1834336043
1868074863
2408606392
2242505997
2452933723
2292932315
1642398891
1676582524
1653662315
1852931021
2182038504
1836384951
1746804810
1850988623
2045097601
1717851677
2807417123
1822398137
2003347594
1987543647
1765990964
3310377062
2268439694
2304268620
2001877753
1628380165
3206764310
1627411415
1890261903
2233252961
1774056604
1774365492
1297997754
1621776887
1433688574
1295010421
1850460740
1768911595
1735559201
2231762245
1095073107
1730365875
2357033474
3232338382
2147314174
2153702501
3329934602
1641417650
3099204023
1923216930
1358601530
1904882073
2425020730
3553136193
1252082765
1894238970
1758748503
1646218964
1815070622
3130318443
3501932997
2631962023
1808291665
1657917775
2491083604
2112426672
2796886624
1779388455
1728589550
1352250790
1732875150
2019114367
1195403385
1875171015
2930624294
1197161814
1862783645
1654502754
1913843224
3809765753
1915548291
1831777635
1772310754
2308870584
2107082925
1584370642
1785817853
2617130533
3274189905
2705706381
1230128462
1675689315
2100328511
1911540881
1451586894
2309824340
1097271903
2148405700
1901981580
3154640044
1234552257
1865369452
1770937267
2322033814
3041634717
1626973284
1642351362
1680599832
1314080241
1899289492
2926770527
1960113357
1215540274
1813080181
1254123322
3802896629
2295389250
1743456430
1796096254
1054344591
1661648697
2345416545
1870428117
3204839810
2783429835
1640601392
3438576424
1779875541
2792518661
1942381592
1689629044
1666680885
1859353001
1380274560
1739928273
1676403637
1733084104
3260025321
2645074963
1798772760
1642270165
1354104912
1990895721
1847000261
1810632930
1222890413
1811858973
1660811367
1218363903
3197249862
2175818213
2122380037
3185255450
2202323951
2214257545
1716761743
1780381717
1914885034
2275891851
1932625815
2009877953
2946573501
1708271095
2132619841
2313779744
2418374480
2074421787
2375132172
2705167523
2735914431
1815112904
2881282472
2826608265
2961012404
2365758410
2147089214
2310968394
2505373532
2392193340
2012585545
2958749900
2345193194
2724465062
2608518214
1627897870
3330370692
2357213493
1645915085
1795839430
1950532774
1738738447
2094447647
1905687615
1286659964
1904183207
1727978503
1820182834
1984494794
2749255333
2219044194
2382502964
3221733314
1773148625
1833784983
2205892054
2121882250
2533905213
1942987692
1784534253
2306405891
2463055980
1658242963
2253261211
1523719377
1803604370
3688920760
1652871962
2609938313
1313772984
2184338910
3226509885
2019447265
3306731592
2621809053
1852502094
1942587632
2976811303
1726567444
1085856540
1766419470
1764553461
1582801243
1195910797
2557894003
1716412525
2265853994
1664321624
1658374202
2672134973
2709577332
2865659104
1737847545
2419725125
1694504235
1900882404
1591039221
1341205263
2337537417
1642326133
1222713954
2850616155
1764855964
1607742821
1765121890
3610766103
3152180294
3313917231
3543920520
3545737725
3543491545
3135981552
3540405273
3540523895
3195241030
3543272455
3266603792
3001807395
2239433702
3438651620
3500570592
3276863482
3535702895
3513341220
1730374651
2619268942
3533492962
3290784695
1882579600
1866752224
2696532643
3295755471
3422731740
3447684434
3236947094
3504892904
3231804622
3267055540
3320257604
3309457503
2782250485
1790100537
2488198444
1301367942
1683326770
2301711944
1855335174
1782358293
1642276717
3239998631
2623736495
2676324203
2969896771
2032084793
2514458782
1946013181
3224384382
1752577227
1832104250
1068518842
1699241602
2939244190
2214340953
2438957220
2808689690
3341944842
2283100957
2735944212
3083456007
2039288220
1857150145
2022150223
1934238181
1563531191
2414700574
3160959662
1267591671
2704737970
3218901304
1922141821
2414580290
2842269957
3188039582
2387262272
1990130007
1727938213
3093363877
1880927244
2035466644
1280981624
1496973012
1647250610
1643827082
1642477462
1264775587
1247915174
3180086671
1670897812
1809226960
1967786305
2814102235
1576380767
1409562730
1926028111
1655308307
2514147155
3522212501
2704720375
1835543125
1689130787
1599102507
2207400300
1095240537
1931609773
1415906097
1742570801
1645101450
3351827722
1577826897
1659904064
1657339005
2492200162
2618608860
2038074533
2676840942
2479801784
1885847085
3215409044
1876587403
1902601727
1400241473
3121294365
3247060572
1662082055
2173933477
1770022463
1659406123
1227086635
3304971127
1687252073
1706143050
1596103295
1245510307
1196235387
2790810812
2363892930
3414445612
2684863971
2557186672
1528253537
2084584685
1941975581
2396981212
2754685601
3312008743
1987413250
2512574061
2610968961
2391357872
1271394395
2961784474
1736089944
1790596553
1726644942
1942872191
1760293375
2831368560
1854773595
1266404711
3691982955
2010933977
1497176560
1774576935
1172294045
2583883574
1931455695
1827573265
1265926601
2712271730
2768738434
1766419493
3275709637
1848980301
2098138660
1879192935
3041740705
3163248277
1712354525
1249193625
1188552450
1193258161
1431680140
1569160390
1427354061
1841218103
1182417191
1502592662
2968634427
1021500072
3732568017
2238243622
3657018367
1722229702
1440743181
1266354274
1744259092
1454122663
2012082490
1729206382
1628713907
1831139394
1656081202
1954851750
1901692317
1743584381
1648320064
2853016445
1220078607
2538242610
1649020634
1237064237
1610003354
1661377270
1957890025
3558787350
1845314155
2538486050
3563834863
1678470695
2044511247
2964293292
1780771407
3223866454
1945346525
1827497407
1403544614
2871686812
3486510475
2387387735
2120429165
1807361492
1688518530
1198713964
1880925664
1858036311
1261539617
1552800195
2672219823
3513244580
1628314231
1629257417
3555947291
2204307352
2214088643
1975712027
1926147005
2312196153
1912767463
1260765345
1597364523
1783747124
2145633541
1322852130
1909225043
2930394162
1785899837
1191307220
1762386751
1770077684
1652959480
2330901591
1883881851
1908842243
2278476553
1746274673
1932740477
2293545290
1447033974
2181014631
2004287405
2422034455
1704116960
2192606857
2552449981
2464663867
1748241252
1223762662
1772439462
1717675430
2815203934
3169526573
2077371755
2805483845
1789760584
1741692611
2188095884
1950016530
1638781994
2150085320
1969064713
1729643247
1990267895
1811833182
2065876935
2918800831
1886003195
3497294671
1670481425
1892680923
2932759042
1645020513
1711479641
1494759712
1651624562
1869406025
1642482530
3301384190
2181572355
2006785117
1639325085
1747413277
1279035725
1894383393
2769378403
1713825330
1642471052
2081420765
1936028223
1117967813
1714776420
3358098834
1395059531
2032143593
1867784325
1174093963
1376057373
1852313861
1895520105
2030206793
2189715151
1642632622
1642634100
1649597805
2991905905
1488700033
2006129507
2495238581
1564334263
3511705962
2115317273
2172093041
2885922757
3291015717
3248844482
3029925170
1704010065
2552647740
2119317942
2276377662
2209429253
1312412824
1263498570
1640571365
1712539910
2039559195
1692769643
2041028560
2060279265
1714195527
2114780760
1834761497
1224449043
1567680564
1682268197
2359955924
1494850741
2089248445
1812591014
1830765260
1000218641
1687297134
1989742287
1652491674
1737545242
1976262463
1901604195
1971498681
1625313365
2135652992
2052211407
1255849511
1858386852
2798286114
1888112405
1833763930
1958388627
1915008641
2824564467
1565463950
1851742513
2403744294
2277485400
3195658445
1748122191
1658403607
1901937857
2103197132
2038629672
3173670103
2683843043
1890824134
1376391391
2757441447
1740359410
1447525583
1233614375
1643169402
1197199510
1278849821
2101822767
1713031610
1644027645
1750979895
1665256992
2732403927
1756505733
1783119347
1801231897
1811031014
1196013440
2037978465
1808261862
1728334187
1824541200
1713560227
2165984245
1819802493
2155420452
2583984650
1601832537
2244925365
1566301073
3208246680
1273259633
1856166241
1456798535
1863141121
1406952734
1220924217
2674281753
1872293074
2235182102
2289813450
1922160857
2116813703
1917882620
1134179710
2028792081
1644489953
2656174421
1644785572
1688613417
1303904705
2048614494
1639064400
2468406972
2051634951
1829430600
3722779295
2492939840
1876058423
1914186102
2132734472
1136793703
2641465823
2479028141
3807923460
1039929634
1243803170
1972886880
1949852853
2211805692
2871566122
1969583200
1647850037
1245856511
2760275217
2816764617
1326587925
1687422352
1951657750
3362302622
3544569501
1319290877
2793181640
2273202597
1864206490
1639093625
3229125510
1219503342
2991095722
2840428972
1892992463
2283286964
1788911247
2840045675
1689256612
1934685821
1964206377
1907336103
1649173367
1923729445
1575527140
1854062233
2598696070
1178300282
3024796511
1785426024
1808624312
2345460052
1678105910
3245491312
2154563627
1636531190
3171134302
1778857227
3564360321
1647910344
1768725212
2101966133
2862391182
1904169067
2604125037
1760908197
1757441383
1768970253
3698202162
1916401801
3299492887
2516622494
1796469287
2557396364
1644492510
1834312985
1732235143
1736788153
1413235755
1739809114
1291951892
1533789260
2640711063
2495530635
1719232542
1787333810
1763228531
1728099524
2068335385
1624763627
3488388242
1842473241
1815876940
1769684987
2734116907
1788155282
2083290537
1843910742
1860293774
1938901755
1581391477
2417139911
1191380504
1751818885
2364729802
3029361894
2139886725
3129816345
1743374541
2097803710
1841875081
1936364152
2646453125
2786656304
1788706353
2689083913
2167437894
1938422084
1583244390
2772335195
2289382463
1774261555
2178757462
1806202755
3315104493
2837438250
2447372802
2089685143
1890785437
1881885864
1941576177
3757858967
1091731913
1403186763
2443358167
3665416140
3805841294
1854291362
1034426405
1791561417
2783559450
2346006561
1433694630
3611059121
3760275763
3216825373
3317931062
3839446619
2207524933
1714990167
3010431811
3673008344
1880982895
3838311769
2410813893
3640501837
3118477841
3142974251
1940674870
3071172021
3595266325
2950630472
3316756484
2414066791
1009412284
1914448022
2636065021
1751708220
1558461015
2786959142
1736641213
1879249733
1819984460
1648330863
2653009667
1841242123
2539493901
2098485082
3200910383
3308735321
3192053287
1940055484
3248938925
3767946104
2643285521
3276449815
3173199590
1680187347
1950046323
1300672413
3701504952
3779850743
3644989274
3706377981
3476209294
3546066695
2960998515
3579516107
1264703251
2141489387
3803679211
1179327331
3843231403
1863953797
2517262072
2820830740
3673504094
3802218761
3177748864
1907208377
2200746343
1970922881
2991826290
3561947652
3045380260
3776929044
3817191185
3182773833
2702817207
2845790310
1822046497
1711777073
2163224040
3518386654
3820059325
3612921053
1746152275
2750435281
2219136272
2769298731
3026929462
3831267938
1867563010
3259650561
1916407977
1859173644
3200108132
3752535871
1763142770
3282249200
2194598374
2863417094
2530138785
1861196952
3314088215
2863665942
3264149921
2787403954
1764920550
3602701083
1984683852
1741677657
3839402112
2671733784
1005290292
2442215507
1847740291
3492027637
3814210220
2833143874
1576531502
2696390390
2511678872
2136625243
3843232429
1650788305
2451789302
3835460490
1244200015
1081794710
3836495826
3268939804
3649405861
2628345830
1074696415
3208850665
1989655141
2185799535
1700942392
1865379341
3827953197
3654531530
3277794612
2417838804
2670947910
2165289740
1797537105
1274090063
2482170203
2608753653
2624163772
2439273772
3770106901
1630416045
1843276802
1734909832
3535332613
3002514570
2683093472
3679971581
3836866364
3628033202
3051951177
3449128622
2328986205
3843034118
3062062293
3843233404
2487789893
2085673931
1431009501
3564187687
1743241271
1893303164
2696732781
3839453848
2807230942
2267235203
3839454527
3295827151
1935516754
3423432262
1300742661
3060787533
2655392052
2641758123
1737561763
1741233375
2516692253
1756478513
3005802144
1801984167
3219482997
3377468334
3838300386
2098266827
2663691293
3612329192
1893885763
2620959653
2779252187
3481199044
2272814755
3120472340
1034186470
3479775642
1796022925
1985125930
3832901110
3228943200
3092347197
2865076770
2174714235
2001785685
3843111184
2594491940
3607350575
3084271013
2249662593
1502812334
3186521892
3319774404
1742580090
2919442064
3831639659
2923685473
3237739950
3221690030
3843233916
1740839307
3843234063
2260245220
1798515937
3043503100
1742578833
2179344217
3165794535
1742517687
3842894443
1904403200
3843233125
1742505675
2661206573
3843030698
1798127184
3182024970
3314437747
2291548870
3019705462
3831239406
3087959515
1740764184
1740767103
1368175017
1699343133
3602504074
3540585184
2272974812
3176730224
1737466525
3779444761
3761741913
1807161155
3754840085
3481921064
1883612604
1671537234
2211568943
1652191481
3029249091
3833450649
3753786414
3794344052
3833107369
2085373737
3709289041
3838313607
3838206149
2353512551
2701370947
3089859805
3843033702
3843230754
3833608033
3833912532
1790992977
3838313467
3537042431
3273520264
2914868105
3832099392
2495497143
2438092861
3451088122
1794629682
1651042001
2695206820
2438225547
2438177545
2726486693
2568562772
3826721368
3839492717
2343021187
3228420000
2675423911
1900562865
3832160515
1733345204
1684866977
1298562821
3285176981
3399847962
3080979072
2511078234
2207019453
1666685532
2271428757
1335910204
3746902470
2723084187
1295132432
3104503907
1729070862
1045124860
2735838701
1342222090
1911812575
1982509224
1904640620
2054274661
3191006574
1839184002
1247285887
1654501533
3692326560
3820449921
3185554594
3760541162
3419355472
1989037083
2368517354
1985637915
1654038664
2271323451
3213785763
1745416987
1730799054
1624491523
2454842321
3041415350
3172831370
2793243952
3216707964
1223099471
3631021602
2758728184
1652898490
3732999274
2960710344
1816360621
3331602664
3562332520
3843475720
2379303502
2419351367
3063014795
3812076479
3483871733
